1.23456789e10
-9.87654321e-5
123.456e2
-456.789e-3
1.23456789e0
-9.87654321e1
1.5e20
-2.75e-15
3.14159265e5
-2.71828182e-8
1.0e-4
-2.0e6
9.99999e12
-8.88888e-12
4.2E10
-7.35E-10
5.0e-1
-2.5e2
1.234567e15
-9.876543e-20
1.0e-25
-2.0e25
7.7777e18
-6.6666e-18
1.0e0
-1.0e1
1.23e-2
-9.87e3
1.234E5
-5.678E-5
1.23e-30
-9.87e30
1.0e8
-2.0e-8
9.99e-6
-8.88e6
1.2345e-10
-9.8765e10
5.555e4
-4.444e-4
1.234e-35
-9.876e35
7.77e22
-6.66e-22
3.0e1
-7.0e-1
3.14e-7
-2.71e7
1.23456e50
-9.87654e-50
1.23e-100
-9.87e100
1.111e14
-2.222e-14
1.5e3
-2.5e-3
1.0e-150
-9.0e150
3.333e9
-1.111e-9
8.8e0
-4.4e1
3.14159e-2
-2.71828e2
5.4321e11
-9.8765e-11
3.14e-200
-2.71e200
9.999e7
-8.888e-7
6.28318e1
-1.41421e-1
3.14e-250
-2.71e250
7.77e5
-6.66e-5
2.0e2
-3.0e-2
3.14159265e-3
-2.71828182e3
1.2345e19
-9.8765e-19
3.14e-290
-2.71e290
9.99e4
-8.88e-4
5.5e6
-6.5e-6
3.14e-300
-2.71e300
1.111e13
-2.222e-13
7.07106781e-1
-1.732050808e1
3.14e-8
-2.71e8
9.99e3
-8.88e-3
4.0e5
-5.0e-5
